-2.106999999999999886e+02
-2.021000000000000227e+02
-1.935000000000000000e+02
-1.848999999999999773e+02
-1.763000000000000114e+02
-1.676999999999999886e+02
-1.591000000000000227e+02
-1.505000000000000000e+02
-1.418999999999999773e+02
-1.333000000000000114e+02
-1.247000000000000028e+02
-1.161000000000000085e+02
-1.075000000000000142e+02
-9.890000000000000568e+01
-9.030000000000001137e+01
-8.170000000000000284e+01
-7.310000000000000853e+01
-6.450000000000001421e+01
-5.590000000000001990e+01
-4.729999999999999716e+01
-3.870000000000000284e+01
-3.010000000000000853e+01
-2.150000000000001421e+01
-1.290000000000001990e+01
-4.300000000000025580e+00
4.299999999999997158e+00
1.289999999999999147e+01
2.149999999999998579e+01
3.009999999999998010e+01
3.869999999999997442e+01
4.729999999999999716e+01
5.589999999999996305e+01
6.449999999999998579e+01
7.310000000000000853e+01
8.169999999999997442e+01
9.029999999999999716e+01
9.889999999999996305e+01
1.074999999999999858e+02
1.161000000000000085e+02
1.246999999999999744e+02
1.333000000000000114e+02
1.418999999999999773e+02
1.505000000000000000e+02
1.591000000000000227e+02
1.676999999999999886e+02
1.763000000000000114e+02
1.848999999999999773e+02
1.935000000000000000e+02
2.020999999999999659e+02
2.106999999999999886e+02
