-2.064000000000000057e+02
-1.892000000000000171e+02
-1.720000000000000000e+02
-1.548000000000000114e+02
-1.375999999999999943e+02
-1.204000000000000057e+02
-1.032000000000000171e+02
-8.600000000000001421e+01
-6.880000000000001137e+01
-5.160000000000002274e+01
-3.440000000000000568e+01
-1.720000000000001705e+01
-2.842170943040400743e-14
1.719999999999998863e+01
3.439999999999997726e+01
5.159999999999999432e+01
6.879999999999998295e+01
8.599999999999997158e+01
1.031999999999999602e+02
1.204000000000000057e+02
1.375999999999999943e+02
1.547999999999999829e+02
1.719999999999999716e+02
1.891999999999999602e+02
2.063999999999999488e+02
